{
 "cells": [
  {
   "cell_type": "code",
   "execution_count": 1,
   "metadata": {},
   "outputs": [],
   "source": [
    "from lib import twoatoms\n",
    "import numpy as np"
   ]
  },
  {
   "cell_type": "code",
   "execution_count": 2,
   "metadata": {},
   "outputs": [],
   "source": [
    "atom = twoatoms.single_atom(power_blue=0.73e-3, waste_blue=90e-6, power_IR=20e-3, waste_IR=130e-6, detuning_blue=100)"
   ]
  },
  {
   "cell_type": "code",
   "execution_count": 3,
   "metadata": {},
   "outputs": [
    {
     "data": {
      "text/plain": [
       "8.464336735423064"
      ]
     },
     "execution_count": 3,
     "metadata": {},
     "output_type": "execute_result"
    }
   ],
   "source": [
    "atom.two_photon_rabi_freq\n",
    "atom.Gamma_6p"
   ]
  },
  {
   "cell_type": "code",
   "execution_count": 6,
   "metadata": {},
   "outputs": [],
   "source": [
    "rho0 = np.zeros([4,4])\n",
    "rho0[0,0] = 1\n",
    "res = atom.evolve(time=10, steps=100000, initial_DM=rho0)"
   ]
  },
  {
   "cell_type": "code",
   "execution_count": 8,
   "metadata": {},
   "outputs": [
    {
     "data": {
      "text/plain": [
       "[Quantum object: dims = [[4], [4]], shape = (4, 4), type = oper, isherm = True\n",
       " Qobj data =\n",
       " [[1. 0. 0. 0.]\n",
       "  [0. 0. 0. 0.]\n",
       "  [0. 0. 0. 0.]\n",
       "  [0. 0. 0. 0.]],\n",
       " Quantum object: dims = [[4], [4]], shape = (4, 4), type = oper, isherm = True\n",
       " Qobj data =\n",
       " [[ 9.99999569e-01+0.00000000e+00j  3.28375431e-06+6.56789834e-04j\n",
       "   -2.60861924e-08+8.79032218e-11j -4.68294938e-10-1.38973985e-07j]\n",
       "  [ 3.28375431e-06-6.56789834e-04j  4.31380141e-07+0.00000000e+00j\n",
       "   -4.40326532e-14+1.73201777e-11j -9.22664149e-11-2.34580304e-13j]\n",
       "  [-2.60861924e-08-8.79032218e-11j -4.40326532e-14-1.73201777e-11j\n",
       "    1.04934843e-15+0.00000000e+00j  5.50479648e-23+5.59060868e-15j]\n",
       "  [-4.68294938e-10+1.38973985e-07j -9.22664149e-11+2.34580304e-13j\n",
       "    5.50479648e-23-5.59060868e-15j  2.97850592e-14+0.00000000e+00j]],\n",
       " Quantum object: dims = [[4], [4]], shape = (4, 4), type = oper, isherm = True\n",
       " Qobj data =\n",
       " [[ 9.99998275e-01+0.00000000e+00j  1.31310105e-05+1.31323522e-03j\n",
       "   -1.04327493e-07+6.96370909e-10j -3.70955445e-09-5.55726166e-07j]\n",
       "  [ 1.31310105e-05-1.31323522e-03j  1.72475309e-06+0.00000000e+00j\n",
       "   -5.15766417e-13+1.37196159e-10j -7.30783139e-10-2.74758133e-12j]\n",
       "  [-1.04327493e-07-6.96370909e-10j -5.15766417e-13-1.37196159e-10j\n",
       "    1.22916683e-14+0.00000000e+00j  2.42682726e-21+6.54843342e-14j]\n",
       "  [-3.70955445e-09+5.55726166e-07j -7.30783139e-10+2.74758133e-12j\n",
       "    2.42682726e-21-6.54843342e-14j  3.48870297e-13+0.00000000e+00j]],\n",
       " Quantum object: dims = [[4], [4]], shape = (4, 4), type = oper, isherm = True\n",
       " Qobj data =\n",
       " [[ 9.99996121e-01+0.00000000e+00j  2.95351696e-05+1.96926956e-03j\n",
       "   -2.34693453e-07+2.34742711e-09j -1.25034267e-08-1.24997663e-06j]\n",
       "  [ 2.95351696e-05-1.96926956e-03j  3.87888730e-06+0.00000000e+00j\n",
       "   -2.47956674e-12+4.62409972e-10j -2.46271882e-09-1.32055492e-11j]\n",
       "  [-2.34693453e-07-2.34742711e-09j -2.47956674e-12-4.62409972e-10j\n",
       "    5.91033599e-14+0.00000000e+00j  6.64918631e-20+3.14818971e-13j]\n",
       "  [-1.25034267e-08+1.24997663e-06j -2.46271882e-09+1.32055492e-11j\n",
       "    6.64918631e-20-3.14818971e-13j  1.67690938e-12+0.00000000e+00j]],\n",
       " Quantum object: dims = [[4], [4]], shape = (4, 4), type = oper, isherm = True\n",
       " Qobj data =\n",
       " [[ 9.99993108e-01+0.00000000e+00j  5.24889514e-05+2.62482653e-03j\n",
       "   -4.17148071e-07+5.56156877e-09j -2.96201959e-08-2.22141621e-06j]\n",
       "  [ 5.24889514e-05-2.62482653e-03j  6.89246348e-06+0.00000000e+00j\n",
       "   -7.71370617e-12+1.09536871e-09j -5.83292255e-09-4.10714007e-11j]\n",
       "  [-4.17148071e-07-5.56156877e-09j -7.71370617e-12-1.09536871e-09j\n",
       "    1.83895562e-13+0.00000000e+00j  7.47401693e-19+9.79378347e-13j]\n",
       "  [-2.96201959e-08+2.22141621e-06j -5.83292255e-09+4.10714007e-11j\n",
       "    7.47401693e-19-9.79378347e-13j  5.21590540e-12+0.00000000e+00j]],\n",
       " Quantum object: dims = [[4], [4]], shape = (4, 4), type = oper, isherm = True\n",
       " Qobj data =\n",
       " [[ 9.99989236e-01+0.00000000e+00j  8.19839047e-05+3.27983992e-03j\n",
       "   -6.51645863e-07+1.08583080e-08j -5.78228174e-08-3.46968545e-06j]\n",
       "  [ 8.19839047e-05-3.27983992e-03j  1.07640102e-05+0.00000000e+00j\n",
       "   -1.92072955e-11+2.13815613e-09j -1.13839747e-08-1.02244864e-10j]\n",
       "  [-6.51645863e-07-1.08583080e-08j -1.92072955e-11-2.13815613e-09j\n",
       "    4.57978604e-13+0.00000000e+00j  3.85068102e-18+2.43869246e-12j]\n",
       "  [-5.78228174e-08+3.46968545e-06j -1.13839747e-08+1.02244864e-10j\n",
       "    3.85068102e-18-2.43869246e-12j  1.29858035e-11+0.00000000e+00j]],\n",
       " Quantum object: dims = [[4], [4]], shape = (4, 4), type = oper, isherm = True\n",
       " Qobj data =\n",
       " [[ 9.99984508e-01+0.00000000e+00j  1.18011841e-04+3.93424353e-03j\n",
       "   -9.38143478e-07+1.87573771e-08j -9.98758861e-08-4.99443621e-06j]\n",
       "  [ 1.18011841e-04-3.93424353e-03j  1.54920902e-05+0.00000000e+00j\n",
       "   -3.96773719e-11+3.69292818e-09j -1.96589631e-08-2.11179233e-10j]\n",
       "  [-9.38143478e-07-1.87573771e-08j -3.96773719e-11-3.69292818e-09j\n",
       "    9.46169522e-13+0.00000000e+00j  1.09188962e-17+5.03774497e-12j]\n",
       "  [-9.98758861e-08+4.99443621e-06j -1.96589631e-08+2.11179233e-10j\n",
       "    1.09188962e-17-5.03774497e-12j  2.68227516e-11+0.00000000e+00j]],\n",
       " Quantum object: dims = [[4], [4]], shape = (4, 4), type = oper, isherm = True\n",
       " Qobj data =\n",
       " [[ 9.99978925e-01+0.00000000e+00j  1.60564576e-04+4.58797113e-03j\n",
       "   -1.27659759e-06+2.97785043e-08j -1.58543983e-07-6.79532046e-06j]\n",
       "  [ 1.60564576e-04-4.58797113e-03j  2.10752666e-05+0.00000000e+00j\n",
       "   -7.18374949e-11+5.86183966e-09j -3.12009707e-08-3.82308844e-10j]\n",
       "  [-1.27659759e-06-2.97785043e-08j -7.18374949e-11-5.86183966e-09j\n",
       "    1.71320397e-12+0.00000000e+00j  2.36132829e-17+9.12107908e-12j]\n",
       "  [-1.58543983e-07+6.79532046e-06j -3.12009707e-08+3.82308844e-10j\n",
       "    2.36132829e-17-9.12107908e-12j  4.85605148e-11+0.00000000e+00j]],\n",
       " Quantum object: dims = [[4], [4]], shape = (4, 4), type = oper, isherm = True\n",
       " Qobj data =\n",
       " [[ 9.99972488e-01+0.00000000e+00j  2.09631443e-04+5.24095703e-03j\n",
       "   -1.66694473e-06+4.44381756e-08j -2.36569991e-07-8.87188363e-06j]\n",
       "  [ 2.09631443e-04-5.24095703e-03j  2.75117811e-05+0.00000000e+00j\n",
       "   -1.20956059e-10+8.74598180e-09j -4.65462640e-08-6.43565732e-10j]\n",
       "  [-1.66694473e-06-4.44381756e-08j -1.20956059e-10-8.74598180e-09j\n",
       "    2.88508449e-12+0.00000000e+00j  6.81427274e-17+1.53578494e-11j]\n",
       "  [-2.36569991e-07+8.87188363e-06j -4.65462640e-08+6.43565732e-10j\n",
       "    6.81427274e-17-1.53578494e-11j  8.17527191e-11+0.00000000e+00j]],\n",
       " Quantum object: dims = [[4], [4]], shape = (4, 4), type = oper, isherm = True\n",
       " Qobj data =\n",
       " [[ 9.99965200e-01+0.00000000e+00j  2.65201082e-04+5.89313569e-03j\n",
       "   -2.10911582e-06+6.32519743e-08j -3.36690749e-07-1.12236415e-05j]\n",
       "  [ 2.65201082e-04-5.89313569e-03j  3.47997857e-05+0.00000000e+00j\n",
       "   -1.93012653e-10+1.24461498e-08j -6.62292115e-08-1.02663931e-09j]\n",
       "  [-2.10911582e-06-6.32519743e-08j -1.93012653e-10-1.24461498e-08j\n",
       "    4.60486859e-12+0.00000000e+00j  1.77549486e-16+2.45075731e-11j]\n",
       "  [-3.36690749e-07+1.12236415e-05j -6.62292115e-08+1.02663931e-09j\n",
       "    1.77549486e-16-2.45075731e-11j  1.30431751e-10+0.00000000e+00j]],\n",
       " Quantum object: dims = [[4], [4]], shape = (4, 4), type = oper, isherm = True\n",
       " Qobj data =\n",
       " [[ 9.99957062e-01+0.00000000e+00j  3.27263392e-04+6.54444129e-03j\n",
       "   -2.60305198e-06+8.67371233e-08j -4.61654070e-07-1.38501636e-05j]\n",
       "  [ 3.27263392e-04-6.54444129e-03j  4.29375951e-05+0.00000000e+00j\n",
       "   -2.92695034e-10+1.70636766e-08j -9.07876289e-08-1.55639398e-09j]\n",
       "  [-2.60305198e-06-8.67371233e-08j -2.92695034e-10-1.70636766e-08j\n",
       "    6.98463467e-12+0.00000000e+00j  3.72463498e-16+3.71656303e-11j]\n",
       "  [-4.61654070e-07+1.38501636e-05j -9.07876289e-08+1.55639398e-09j\n",
       "    3.72463498e-16-3.71656303e-11j  1.97760365e-10+0.00000000e+00j]],\n",
       " Quantum object: dims = [[4], [4]], shape = (4, 4), type = oper, isherm = True\n",
       " Qobj data =\n",
       " [[ 9.99948076e-01+0.00000000e+00j  3.95808053e-04+7.19480807e-03j\n",
       "   -3.14869256e-06+1.15410554e-07j -6.14205830e-07-1.67510104e-05j]\n",
       "  [ 3.95808053e-04-7.19480807e-03j  5.19234959e-05+0.00000000e+00j\n",
       "   -4.24913662e-10+2.26997998e-08j -1.20758723e-07-2.25887025e-09j]\n",
       "  [-3.14869256e-06-1.15410554e-07j -4.24913662e-10-2.26997998e-08j\n",
       "    1.01418079e-11+0.00000000e+00j  6.78140098e-16+5.39557215e-11j]\n",
       "  [-6.14205830e-07+1.67510104e-05j -1.20758723e-07+2.25887025e-09j\n",
       "    6.78140098e-16-5.39557215e-11j  2.87051317e-10+0.00000000e+00j]],\n",
       " Quantum object: dims = [[4], [4]], shape = (4, 4), type = oper, isherm = True\n",
       " Qobj data =\n",
       " [[ 9.99938244e-01+0.00000000e+00j  4.70821709e-04+7.84417090e-03j\n",
       "   -3.74595227e-06+1.49785125e-07j -7.97064790e-07-1.99256118e-05j]\n",
       "  [ 4.70821709e-04-7.84417090e-03j  6.17553815e-05+0.00000000e+00j\n",
       "   -5.97694326e-10+2.94544227e-08j -1.56671193e-07-3.17656065e-09j]\n",
       "  [-3.74595227e-06-1.49785125e-07j -5.97694326e-10-2.94544227e-08j\n",
       "    1.42686070e-11+0.00000000e+00j  1.18453805e-15+7.58977113e-11j]\n",
       "  [-7.97064790e-07+1.99256118e-05j -1.56671193e-07+3.17656065e-09j\n",
       "    1.18453805e-15-7.58977113e-11j  4.03715736e-10+0.00000000e+00j]],\n",
       " Quantum object: dims = [[4], [4]], shape = (4, 4), type = oper, isherm = True\n",
       " Qobj data =\n",
       " [[ 9.99927568e-01+0.00000000e+00j  5.52290765e-04+8.49246474e-03j\n",
       "   -4.39474388e-06+1.90373372e-07j -1.01294756e-06-2.33733876e-05j]\n",
       "  [ 5.52290765e-04-8.49246474e-03j  7.24311143e-05+0.00000000e+00j\n",
       "   -8.19309974e-10+3.74273427e-08j -1.99053061e-07-4.35326294e-09j]\n",
       "  [-4.39474388e-06-1.90373372e-07j -8.19309974e-10-3.74273427e-08j\n",
       "    1.95631849e-11+0.00000000e+00j  1.98674943e-15+1.04042895e-10j]\n",
       "  [-1.01294756e-06+2.33733876e-05j -1.99053061e-07+4.35326294e-09j\n",
       "    1.98674943e-15-1.04042895e-10j  5.53331230e-10+0.00000000e+00j]],\n",
       " Quantum object: dims = [[4], [4]], shape = (4, 4), type = oper, isherm = True\n",
       " Qobj data =\n",
       " [[ 9.99916051e-01+0.00000000e+00j  6.40201488e-04+9.13962456e-03j\n",
       "   -5.09497904e-06+2.37687643e-07j -1.26456951e-06-2.70937515e-05j]\n",
       "  [ 6.40201488e-04-9.13962456e-03j  8.39485385e-05+0.00000000e+00j\n",
       "   -1.09817637e-09+4.67182960e-08j -2.48431960e-07-5.83352911e-09j]\n",
       "  [-5.09497904e-06-2.37687643e-07j -1.09817637e-09-4.67182960e-08j\n",
       "    2.62271229e-11+0.00000000e+00j  3.18283262e-15+1.39460729e-10j]\n",
       "  [-1.26456951e-06+2.70937515e-05j -2.48431960e-07+5.83352911e-09j\n",
       "    3.18283262e-15-1.39460729e-10j  7.41571601e-10+0.00000000e+00j]],\n",
       " Quantum object: dims = [[4], [4]], shape = (4, 4), type = oper, isherm = True\n",
       " Qobj data =\n",
       " [[ 9.99903694e-01+0.00000000e+00j  7.34539492e-04+9.78558545e-03j\n",
       "   -5.84656410e-06+2.92239413e-07j -1.55464020e-06-3.10860893e-05j]\n",
       "  [ 7.34539492e-04-9.78558545e-03j  9.63054141e-05+0.00000000e+00j\n",
       "   -1.44337660e-09+5.74267333e-08j -3.05333701e-07-7.66543520e-09j]\n",
       "  [-5.84656410e-06-2.92239413e-07j -1.44337660e-09-5.74267333e-08j\n",
       "    3.44780237e-11+0.00000000e+00j  4.88470548e-15+1.83305528e-10j]\n",
       "  [-1.55464020e-06+3.10860893e-05j -3.05333701e-07+7.66543520e-09j\n",
       "    4.88470548e-15-1.83305528e-10j  9.74560127e-10+0.00000000e+00j]],\n",
       " Quantum object: dims = [[4], [4]], shape = (4, 4), type = oper, isherm = True\n",
       " Qobj data =\n",
       " [[ 9.99890499e-01+0.00000000e+00j  8.35289742e-04+1.04302827e-02j\n",
       "   -6.64940016e-06+3.54539286e-07j -1.88586338e-06-3.53497589e-05j]\n",
       "  [ 8.35289742e-04-1.04302827e-02j  1.09499417e-04+0.00000000e+00j\n",
       "   -1.86466103e-09+6.96518191e-08j -3.70282271e-07-9.90058126e-09j]\n",
       "  [-6.64940016e-06-3.54539286e-07j -1.86466103e-09-6.96518191e-08j\n",
       "    4.45495104e-11+0.00000000e+00j  7.21814537e-15+2.36816468e-10j]\n",
       "  [-1.88586338e-06+3.53497589e-05j -3.70282271e-07+9.90058126e-09j\n",
       "    7.21814537e-15-2.36816468e-10j  1.25886955e-09+0.00000000e+00j]],\n",
       " Quantum object: dims = [[4], [4]], shape = (4, 4), type = oper, isherm = True\n",
       " Qobj data =\n",
       " [[ 9.99876470e-01+0.00000000e+00j  9.42436554e-04+1.10736516e-02j\n",
       "   -7.50338301e-06+4.25096994e-07j -2.26093700e-06-3.98840903e-05j]\n",
       "  [ 9.42436554e-04-1.10736516e-02j  1.23528139e-04+0.00000000e+00j\n",
       "   -2.37244734e-09+8.34924323e-08j -4.43799836e-07-1.25940914e-08j]\n",
       "  [-7.50338301e-06-4.25096994e-07j -2.37244734e-09-8.34924323e-08j\n",
       "    5.66912271e-11+0.00000000e+00j  1.03227892e-14+3.01317579e-10j]\n",
       "  [-2.26093700e-06+3.98840903e-05j -4.43799836e-07+1.25940914e-08j\n",
       "    1.03227892e-14-3.01317579e-10j  1.60152211e-09+0.00000000e+00j]],\n",
       " Quantum object: dims = [[4], [4]], shape = (4, 4), type = oper, isherm = True\n",
       " Qobj data =\n",
       " [[ 9.99861609e-01+0.00000000e+00j  1.05596360e-03+1.17156279e-02j\n",
       "   -8.40840322e-06+5.04421335e-07j -2.68255289e-06-4.46883856e-05j]\n",
       "  [ 1.05596360e-03-1.17156279e-02j  1.38389088e-04+0.00000000e+00j\n",
       "   -2.97781747e-09+9.90471468e-08j -5.26406637e-07-1.58045931e-08j]\n",
       "  [-8.40840322e-06-5.04421335e-07j -2.97781747e-09-9.90471468e-08j\n",
       "    7.11687846e-11+0.00000000e+00j  1.43552292e-14+3.78217397e-10j]\n",
       "  [-2.68255289e-06+4.46883856e-05j -5.26406637e-07+1.58045931e-08j\n",
       "    1.43552292e-14-3.78217397e-10j  2.00998720e-09+0.00000000e+00j]],\n",
       " Quantum object: dims = [[4], [4]], shape = (4, 4), type = oper, isherm = True\n",
       " Qobj data =\n",
       " [[ 9.99845918e-01+0.00000000e+00j  1.17585400e-03+1.23561475e-02j\n",
       "   -9.36434686e-06+5.93016715e-07j -3.15337846e-06-4.97619243e-05j]\n",
       "  [ 1.17585400e-03-1.23561475e-02j  1.54079704e-04+0.00000000e+00j\n",
       "   -3.69233795e-09+1.16413104e-07j -6.18615082e-07-1.95930093e-08j]\n",
       "  [-9.36434686e-06-5.93016715e-07j -3.69233795e-09-1.16413104e-07j\n",
       "    8.82605693e-11+0.00000000e+00j  1.96711059e-14+4.68987915e-10j]\n",
       "  [-3.15337846e-06+4.97619243e-05j -6.18615082e-07+1.95930093e-08j\n",
       "    1.96711059e-14-4.68987915e-10j  2.49204802e-09+0.00000000e+00j]],\n",
       " Quantum object: dims = [[4], [4]], shape = (4, 4), type = oper, isherm = True\n",
       " Qobj data =\n",
       " [[ 9.99829399e-01+0.00000000e+00j  1.30209027e-03+1.29951468e-02j\n",
       "   -1.03710948e-05+6.91386344e-07j -3.67607364e-06-5.51039583e-05j]\n",
       "  [ 1.30209027e-03-1.29951468e-02j  1.70597348e-04+0.00000000e+00j\n",
       "   -4.52822594e-09+1.35687056e-07j -7.20935207e-07-2.40236750e-08j]\n",
       "  [-1.03710948e-05-6.91386344e-07j -4.52822594e-09-1.35687056e-07j\n",
       "    1.08260693e-10+0.00000000e+00j  2.66567828e-14+5.75184038e-10j]\n",
       "  [-3.67607364e-06+5.51039583e-05j -7.20935207e-07+2.40236750e-08j\n",
       "    2.66567828e-14-5.75184038e-10j  3.05592485e-09+0.00000000e+00j]],\n",
       " Quantum object: dims = [[4], [4]], shape = (4, 4), type = oper, isherm = True\n",
       " Qobj data =\n",
       " [[ 9.99812057e-01+0.00000000e+00j  1.43465420e-03+1.36325621e-02j\n",
       "   -1.14285224e-05+8.00033681e-07j -4.25329845e-06-6.07137099e-05j]\n",
       "  [ 1.43465420e-03-1.36325621e-02j  1.87939288e-04+0.00000000e+00j\n",
       "   -5.49842397e-09+1.56965833e-07j -8.33877138e-07-2.91648392e-08j]\n",
       "  [-1.14285224e-05-8.00033681e-07j -5.49842397e-09-1.56965833e-07j\n",
       "    1.31480318e-10+0.00000000e+00j  3.56536814e-14+6.98452324e-10j]\n",
       "  [-4.25329845e-06+6.07137099e-05j -8.33877138e-07+2.91648392e-08j\n",
       "    3.56536814e-14-6.98452324e-10j  3.71033054e-09+0.00000000e+00j]],\n",
       " Quantum object: dims = [[4], [4]], shape = (4, 4), type = oper, isherm = True\n",
       " Qobj data =\n",
       " [[ 9.99793893e-01+0.00000000e+00j  1.57352698e-03+1.42683299e-02j\n",
       "   -1.25364998e-05+9.19460948e-07j -4.88770521e-06-6.65903743e-05j]\n",
       "  [ 1.57352698e-03-1.42683299e-02j  2.06102710e-04+0.00000000e+00j\n",
       "   -6.61652311e-09+1.80345860e-07j -9.57948557e-07-3.50881492e-08j]\n",
       "  [-1.25364998e-05-9.19460948e-07j -6.61652311e-09-1.80345860e-07j\n",
       "    1.58246297e-10+0.00000000e+00j  4.70360847e-14+8.40521993e-10j]\n",
       "  [-4.88770521e-06+6.65903743e-05j -9.57948557e-07+3.50881492e-08j\n",
       "    4.70360847e-14-8.40521993e-10j  4.46441350e-09+0.00000000e+00j]],\n",
       " Quantum object: dims = [[4], [4]], shape = (4, 4), type = oper, isherm = True\n",
       " Qobj data =\n",
       " [[ 9.99774910e-01+0.00000000e+00j  1.71868913e-03+1.49023870e-02j\n",
       "   -1.36948920e-05+1.05016914e-06j -5.58193848e-06-7.27331190e-05j]\n",
       "  [ 1.71868913e-03-1.49023870e-02j  2.25084719e-04+0.00000000e+00j\n",
       "   -7.89676296e-09+2.05923161e-07j -1.09365471e-06-4.18686499e-08j]\n",
       "  [-1.36948920e-05-1.05016914e-06j -7.89676296e-09-2.05923161e-07j\n",
       "    1.88901166e-10+0.00000000e+00j  6.12111376e-14+1.00320493e-09j]\n",
       "  [-5.58193848e-06+7.27331190e-05j -1.09365471e-06+4.18686499e-08j\n",
       "    6.12111376e-14-1.00320493e-09j  5.32775766e-09+0.00000000e+00j]],\n",
       " Quantum object: dims = [[4], [4]], shape = (4, 4), type = oper, isherm = True\n",
       " Qobj data =\n",
       " [[ 9.99755111e-01+0.00000000e+00j  1.87012054e-03+1.55346700e-02j\n",
       "   -1.49035586e-05+1.19265800e-06j -6.33863516e-06-7.91410842e-05j]\n",
       "  [ 1.87012054e-03-1.55346700e-02j  2.44882336e-04+0.00000000e+00j\n",
       "   -9.35403172e-09+2.33793355e-07j -1.24149840e-06-4.95847844e-08j]\n",
       "  [-1.49035586e-05-1.19265800e-06j -9.35403172e-09-2.33793355e-07j\n",
       "    2.23803154e-10+0.00000000e+00j  7.86188464e-14+1.18839568e-09j]\n",
       "  [-6.33863516e-06+7.91410842e-05j -1.24149840e-06+4.95847844e-08j\n",
       "    7.86188464e-14-1.18839568e-09j  6.31038253e-09+0.00000000e+00j]],\n",
       " Quantum object: dims = [[4], [4]], shape = (4, 4), type = oper, isherm = True\n",
       " Qobj data =\n",
       " [[ 9.99734500e-01+0.00000000e+00j  2.02780048e-03+1.61651162e-02j\n",
       "   -1.61623544e-05+1.34742606e-06j -7.16042440e-06-8.58133829e-05j]\n",
       "  [ 2.02780048e-03-1.61651162e-02j  2.65492502e-04+0.00000000e+00j\n",
       "   -1.10038661e-08+2.64051657e-07j -1.40197999e-06-5.83183936e-08j]\n",
       "  [-1.61623544e-05-1.34742606e-06j -1.10038661e-08-2.64051657e-07j\n",
       "    2.63326175e-10+0.00000000e+00j  9.97320795e-14+1.39807145e-09j]\n",
       "  [-7.16042440e-06+8.58133829e-05j -1.40197999e-06+5.83183936e-08j\n",
       "    9.97320795e-14-1.39807145e-09j  7.42274313e-09+0.00000000e+00j]],\n",
       " Quantum object: dims = [[4], [4]], shape = (4, 4), type = oper, isherm = True\n",
       " Qobj data =\n",
       " [[ 9.99713079e-01+0.00000000e+00j  2.19170771e-03+1.67936630e-02j\n",
       "   -1.74711298e-05+1.51496800e-06j -8.04991394e-06-9.27491068e-05j]\n",
       "  [ 2.19170771e-03-1.67936630e-02j  2.86912093e-04+0.00000000e+00j\n",
       "   -1.28621990e-08+2.96792047e-07j -1.57559311e-06-6.81531923e-08j]\n",
       "  [-1.74711298e-05-1.51496800e-06j -1.28621990e-08-2.96792047e-07j\n",
       "    3.07855089e-10+0.00000000e+00j  1.25446664e-13+1.63426389e-09j]\n",
       "  [-8.04991394e-06+9.27491068e-05j -1.57559311e-06+6.81531923e-08j\n",
       "    1.25446664e-13-1.63426389e-09j  8.67556417e-09+0.00000000e+00j]],\n",
       " Quantum object: dims = [[4], [4]], shape = (4, 4), type = oper, isherm = True\n",
       " Qobj data =\n",
       " [[ 9.99690852e-01+0.00000000e+00j  2.36182047e-03+1.74202486e-02j\n",
       "   -1.88297307e-05+1.69577519e-06j -9.00969309e-06-9.99473253e-05j]\n",
       "  [ 2.36182047e-03-1.74202486e-02j  3.09137922e-04+0.00000000e+00j\n",
       "   -1.49454136e-08+3.32107444e-07j -1.76282556e-06-7.91750973e-08j]\n",
       "  [-1.88297307e-05-1.69577519e-06j -1.49454136e-08-3.32107444e-07j\n",
       "    3.57786725e-10+0.00000000e+00j  1.56997389e-13+1.89906514e-09j]\n",
       "  [-9.00969309e-06+9.99473253e-05j -1.76282556e-06+7.91750973e-08j\n",
       "    1.56997389e-13-1.89906514e-09j  1.00798757e-08+0.00000000e+00j]],\n",
       " Quantum object: dims = [[4], [4]], shape = (4, 4), type = oper, isherm = True\n",
       " Qobj data =\n",
       " [[ 9.99667821e-01+0.00000000e+00j  2.53811624e-03+1.80448107e-02j\n",
       "   -2.02379974e-05+1.89033992e-06j -1.00423544e-05-1.07407075e-04j]\n",
       "  [ 2.53811624e-03-1.80448107e-02j  3.32166702e-04+0.00000000e+00j\n",
       "   -1.72707450e-08+3.70091034e-07j -1.96416617e-06-9.14746499e-08j]\n",
       "  [-2.02379974e-05-1.89033992e-06j -1.72707450e-08-3.70091034e-07j\n",
       "    4.13537415e-10+0.00000000e+00j  1.95337940e-13+2.19467274e-09j]\n",
       "  [-1.00423544e-05+1.07407075e-04j -1.96416617e-06+9.14746499e-08j\n",
       "    1.95337940e-13-2.19467274e-09j  1.16472769e-08+0.00000000e+00j]],\n",
       " Quantum object: dims = [[4], [4]], shape = (4, 4), type = oper, isherm = True\n",
       " Qobj data =\n",
       " [[ 9.99643991e-01+0.00000000e+00j  2.72057190e-03+1.86672877e-02j\n",
       "   -2.16957647e-05+2.09915291e-06j -1.11504814e-05-1.15127367e-04j]\n",
       "  [ 2.72057190e-03-1.86672877e-02j  3.55995066e-04+0.00000000e+00j\n",
       "   -1.98560489e-08+4.10835512e-07j -2.18010085e-06-1.05145621e-07j]\n",
       "  [-2.16957647e-05-2.09915291e-06j -1.98560489e-08-4.10835512e-07j\n",
       "    4.75538656e-10+0.00000000e+00j  2.41497928e-13+2.52336377e-09j]\n",
       "  [-1.11504814e-05+1.15127367e-04j -2.18010085e-06+1.05145621e-07j\n",
       "    2.41497928e-13-2.52336377e-09j  1.33897840e-08+0.00000000e+00j]],\n",
       " Quantum object: dims = [[4], [4]], shape = (4, 4), type = oper, isherm = True\n",
       " Qobj data =\n",
       " [[ 9.99619365e-01+0.00000000e+00j  2.90916368e-03+1.92876178e-02j\n",
       "   -2.32028626e-05+2.32270337e-06j -1.23366479e-05-1.23107184e-04j]\n",
       "  [ 2.90916368e-03-1.92876178e-02j  3.80619565e-04+0.00000000e+00j\n",
       "   -2.27198011e-08+4.54433072e-07j -2.41111260e-06-1.20285008e-07j]\n",
       "  [-2.32028626e-05-2.32270337e-06j -2.27198011e-08-4.54433072e-07j\n",
       "    5.44237098e-10+0.00000000e+00j  2.96583874e-13+2.88749480e-09j]\n",
       "  [-1.23366479e-05+1.23107184e-04j -2.41111260e-06+1.20285008e-07j\n",
       "    2.96583874e-13-2.88749480e-09j  1.53198303e-08+0.00000000e+00j]],\n",
       " Quantum object: dims = [[4], [4]], shape = (4, 4), type = oper, isherm = True\n",
       " Qobj data =\n",
       " [[ 9.99593945e-01+0.00000000e+00j  3.10386721e-03+1.99057397e-02j\n",
       "   -2.47591158e-05+2.56147898e-06j -1.36034191e-05-1.31345483e-04j]\n",
       "  [ 3.10386721e-03-1.99057397e-02j  4.06036673e-04+0.00000000e+00j\n",
       "   -2.58810975e-08+5.00975410e-07j -2.65768147e-06-1.36993033e-07j]\n",
       "  [-2.47591158e-05-2.56147898e-06j -2.58810975e-08-5.00975410e-07j\n",
       "    6.20094542e-10+0.00000000e+00j  3.61779204e-13+3.28950184e-09j]\n",
       "  [-1.36034191e-05+1.31345483e-04j -2.65768147e-06+1.36993033e-07j\n",
       "    3.61779204e-13-3.28950184e-09j  1.74502658e-08+0.00000000e+00j]],\n",
       " Quantum object: dims = [[4], [4]], shape = (4, 4), type = oper, isherm = True\n",
       " Qobj data =\n",
       " [[ 9.99567737e-01+0.00000000e+00j  3.30465748e-03+2.05215922e-02j\n",
       "   -2.63643441e-05+2.81596590e-06j -1.49533503e-05-1.39841194e-04j]\n",
       "  [ 3.30465748e-03-2.05215922e-02j  4.32242783e-04+0.00000000e+00j\n",
       "   -2.93596538e-08+5.50553726e-07j -2.92028461e-06-1.55373146e-07j]\n",
       "  [-2.63643441e-05-2.81596590e-06j -2.93596538e-08-5.50553726e-07j\n",
       "    7.03587942e-10+0.00000000e+00j  4.38344253e-13+3.73190042e-09j]\n",
       "  [-1.49533503e-05+1.39841194e-04j -2.92028461e-06+1.55373146e-07j\n",
       "    4.38344253e-13-3.73190042e-09j  1.97943572e-08+0.00000000e+00j]],\n",
       " Quantum object: dims = [[4], [4]], shape = (4, 4), type = oper, isherm = True\n",
       " Qobj data =\n",
       " [[ 9.99540743e-01+0.00000000e+00j  3.51150896e-03+2.11351146e-02j\n",
       "   -2.80183629e-05+3.08664691e-06j -1.63889783e-05-1.48593224e-04j]\n",
       "  [ 3.51150896e-03-2.11351146e-02j  4.59234219e-04+0.00000000e+00j\n",
       "   -3.31756565e-08+6.03258137e-07j -3.19939319e-06-1.75531101e-07j]\n",
       "  [-2.80183629e-05-3.08664691e-06j -3.31756565e-08-6.03258137e-07j\n",
       "    7.95206619e-10+0.00000000e+00j  5.27821555e-13+4.21726862e-09j]\n",
       "  [-1.63889783e-05+1.48593224e-04j -3.19939319e-06+1.75531101e-07j\n",
       "    5.27821555e-13-4.21726862e-09j  2.23656874e-08+0.00000000e+00j]],\n",
       " Quantum object: dims = [[4], [4]], shape = (4, 4), type = oper, isherm = True\n",
       " Qobj data =\n",
       " [[ 9.99512967e-01+0.00000000e+00j  3.72439571e-03+2.17462470e-02j\n",
       "   -2.97209838e-05+3.37399910e-06j -1.79128086e-05-1.57600464e-04j]\n",
       "  [ 3.72439571e-03-2.17462470e-02j  4.87007257e-04+0.00000000e+00j\n",
       "   -3.73495743e-08+6.59176939e-07j -3.49546860e-06-1.97573803e-07j]\n",
       "  [-2.97209838e-05-3.37399910e-06j -3.73495743e-08-6.59176939e-07j\n",
       "    8.95448748e-10+0.00000000e+00j  6.32294380e-13+4.74822582e-09j]\n",
       "  [-1.79128086e-05+1.57600464e-04j -3.49546860e-06+1.97573803e-07j\n",
       "    6.32294380e-13-4.74822582e-09j  2.51780285e-08+0.00000000e+00j]],\n",
       " Quantum object: dims = [[4], [4]], shape = (4, 4), type = oper, isherm = True\n",
       " Qobj data =\n",
       " [[ 9.99484413e-01+0.00000000e+00j  3.94329100e-03+2.23549291e-02j\n",
       "   -3.14720126e-05+3.67850090e-06j -1.95273526e-05-1.66861770e-04j]\n",
       "  [ 3.94329100e-03-2.23549291e-02j  5.15558072e-04+0.00000000e+00j\n",
       "   -4.19027279e-08+7.18398840e-07j -3.80897403e-06-2.21612812e-07j]\n",
       "  [-3.14720126e-05-3.67850090e-06j -4.19027279e-08-7.18398840e-07j\n",
       "    1.00483198e-09+0.00000000e+00j  7.53604190e-13+5.32749712e-09j]\n",
       "  [-1.95273526e-05+1.66861770e-04j -3.80897403e-06+2.21612812e-07j\n",
       "    7.53604190e-13-5.32749712e-09j  2.82457258e-08+0.00000000e+00j]],\n",
       " Quantum object: dims = [[4], [4]], shape = (4, 4), type = oper, isherm = True\n",
       " Qobj data =\n",
       " [[ 9.99455085e-01+0.00000000e+00j  4.16816753e-03+2.29611013e-02j\n",
       "   -3.32712497e-05+4.00062906e-06j -2.12351115e-05-1.76375972e-04j]\n",
       "  [ 4.16816753e-03-2.29611013e-02j  5.44882759e-04+0.00000000e+00j\n",
       "   -4.68570455e-08+7.81012002e-07j -4.14036948e-06-2.47762832e-07j]\n",
       "  [-3.32712497e-05-4.00062906e-06j -4.68570455e-08-7.81012002e-07j\n",
       "    1.12388890e-09+0.00000000e+00j  8.93686709e-13+5.95788565e-09j]\n",
       "  [-2.12351115e-05+1.76375972e-04j -4.14036948e-06+2.47762832e-07j\n",
       "    8.93686709e-13-5.95788565e-09j  3.15835328e-08+0.00000000e+00j]],\n",
       " Quantum object: dims = [[4], [4]], shape = (4, 4), type = oper, isherm = True\n",
       " Qobj data =\n",
       " [[ 9.99424986e-01+0.00000000e+00j  4.39899735e-03+2.35647038e-02j\n",
       "   -3.51184909e-05+4.34085842e-06j -2.30385753e-05-1.86141875e-04j]\n",
       "  [ 4.39899735e-03-2.35647038e-02j  5.74977337e-04+0.00000000e+00j\n",
       "   -5.22350473e-08+8.47103975e-07j -4.49011144e-06-2.76141620e-07j]\n",
       "  [-3.51184909e-05-4.34085842e-06j -5.22350473e-08-8.47103975e-07j\n",
       "    1.25316669e-09+0.00000000e+00j  1.05459349e-12+6.64227084e-09j]\n",
       "  [-2.30385753e-05+1.86141875e-04j -4.49011144e-06+2.76141620e-07j\n",
       "    1.05459349e-12-6.64227084e-09j  3.52066008e-08+0.00000000e+00j]],\n",
       " Quantum object: dims = [[4], [4]], shape = (4, 4), type = oper, isherm = True\n",
       " Qobj data =\n",
       " [[ 9.99394122e-01+0.00000000e+00j  4.63575193e-03+2.41656775e-02j\n",
       "   -3.70135268e-05+4.69966199e-06j -2.49402233e-05-1.96158257e-04j]\n",
       "  [ 4.63575193e-03-2.41656775e-02j  6.05837746e-04+0.00000000e+00j\n",
       "   -5.80598446e-08+9.16761703e-07j -4.85865291e-06-3.06869987e-07j]\n",
       "  [-3.70135268e-05-4.69966199e-06j -5.80598446e-08-9.16761703e-07j\n",
       "    1.39322718e-09+0.00000000e+00j  1.23849191e-12+7.38360836e-09j]\n",
       "  [-2.49402233e-05+1.96158257e-04j -4.85865291e-06+3.06869987e-07j\n",
       "    1.23849191e-12-7.38360836e-09j  3.91304788e-08+0.00000000e+00j]],\n",
       " Quantum object: dims = [[4], [4]], shape = (4, 4), type = oper, isherm = True\n",
       " Qobj data =\n",
       " [[ 9.99362495e-01+0.00000000e+00j  4.87840214e-03+2.47639631e-02j\n",
       "   -3.89561434e-05+5.07751086e-06j -2.69425232e-05-2.06423872e-04j]\n",
       "  [ 4.87840214e-03-2.47639631e-02j  6.37459849e-04+0.00000000e+00j\n",
       "   -6.43551410e-08+9.90071521e-07j -5.24644338e-06-3.40071793e-07j]\n",
       "  [-3.89561434e-05-5.07751086e-06j -6.43551410e-08-9.90071521e-07j\n",
       "    1.54464681e-09+0.00000000e+00j  1.44766517e-12+8.18493017e-09j]\n",
       "  [-2.69425232e-05+2.06423872e-04j -5.24644338e-06+3.40071793e-07j\n",
       "    1.44766517e-12-8.18493017e-09j  4.33711136e-08+0.00000000e+00j]],\n",
       " Quantum object: dims = [[4], [4]], shape = (4, 4), type = oper, isherm = True\n",
       " Qobj data =\n",
       " [[ 9.99330111e-01+0.00000000e+00j  5.12691829e-03+2.53595021e-02j\n",
       "   -4.09461218e-05+5.47487336e-06j -2.90479272e-05-2.16937447e-04j]\n",
       "  [ 5.12691829e-03-2.53595021e-02j  6.69839440e-04+0.00000000e+00j\n",
       "   -7.11451168e-08+1.06711887e-06j -5.65392740e-06-3.75873280e-07j]\n",
       "  [-4.09461218e-05-5.47487336e-06j -7.11451168e-08-1.06711887e-06j\n",
       "    1.70801446e-09+0.00000000e+00j  1.68470136e-12+9.04933182e-09j]\n",
       "  [-2.90479272e-05+2.16937447e-04j -5.65392740e-06+3.75873280e-07j\n",
       "    1.68470136e-12-9.04933182e-09j  4.79447768e-08+0.00000000e+00j]],\n",
       " Quantum object: dims = [[4], [4]], shape = (4, 4), type = oper, isherm = True\n",
       " Qobj data =\n",
       " [[ 9.99296973e-01+0.00000000e+00j  5.38127045e-03+2.59522367e-02j\n",
       "   -4.29832410e-05+5.89221105e-06j -3.12588509e-05-2.27697703e-04j]\n",
       "  [ 5.38127045e-03-2.59522367e-02j  7.02972287e-04+0.00000000e+00j\n",
       "   -7.84539302e-08+1.14798705e-06j -6.08153817e-06-4.14400154e-07j]\n",
       "  [-4.29832410e-05-5.89221105e-06j -7.84539302e-08-1.14798705e-06j\n",
       "    1.88392191e-09+0.00000000e+00j  1.95331633e-12+9.97991731e-09j]\n",
       "  [-3.12588509e-05+2.27697703e-04j -6.08153817e-06+4.14400154e-07j\n",
       "    1.95331633e-12-9.97991731e-09j  5.28677484e-08+0.00000000e+00j]],\n",
       " Quantum object: dims = [[4], [4]], shape = (4, 4), type = oper, isherm = True\n",
       " Qobj data =\n",
       " [[ 9.99263086e-01+0.00000000e+00j  5.64142791e-03+2.65421090e-02j\n",
       "   -4.50672737e-05+6.32998602e-06j -3.35777114e-05-2.38703324e-04j]\n",
       "  [ 5.64142791e-03-2.65421090e-02j  7.36854051e-04+0.00000000e+00j\n",
       "   -8.63066313e-08+1.23275949e-06j -6.52970923e-06-4.55782925e-07j]\n",
       "  [-4.50672737e-05-6.32998602e-06j -8.63066313e-08-1.23275949e-06j\n",
       "    2.07298131e-09+0.00000000e+00j  2.25684740e-12+1.09799000e-08j]\n",
       "  [-3.35777114e-05+2.38703324e-04j -6.52970923e-06+4.55782925e-07j\n",
       "    2.25684740e-12-1.09799000e-08j  5.81568965e-08+0.00000000e+00j]],\n",
       " Quantum object: dims = [[4], [4]], shape = (4, 4), type = oper, isherm = True\n",
       " Qobj data =\n",
       " [[ 9.99228454e-01+0.00000000e+00j  5.90735933e-03+2.71290615e-02j\n",
       "   -4.71979876e-05+6.78865872e-06j -3.60069156e-05-2.49952969e-04j]\n",
       "  [ 5.90735933e-03-2.71290615e-02j  7.71480319e-04+0.00000000e+00j\n",
       "   -9.47288937e-08+1.32151911e-06j -6.99887102e-06-5.00155342e-07j]\n",
       "  [-4.71979876e-05-6.78865872e-06j -9.47288937e-08-1.32151911e-06j\n",
       "    2.27582002e-09+0.00000000e+00j  2.59869482e-12+1.20525732e-08j]\n",
       "  [-3.60069156e-05+2.49952969e-04j -6.99887102e-06+5.00155342e-07j\n",
       "    2.59869482e-12-1.20525732e-08j  6.38295072e-08+0.00000000e+00j]],\n",
       " Quantum object: dims = [[4], [4]], shape = (4, 4), type = oper, isherm = True\n",
       " Qobj data =\n",
       " [[ 9.99193081e-01+0.00000000e+00j  6.17903281e-03+2.77130369e-02j\n",
       "   -4.93751456e-05+7.26868737e-06j -3.85488580e-05-2.61445271e-04j]\n",
       "  [ 6.17903281e-03-2.77130369e-02j  8.06846599e-04+0.00000000e+00j\n",
       "   -1.03746940e-07+1.41434809e-06j -7.48944993e-06-5.47653955e-07j]\n",
       "  [-4.93751456e-05-7.26868737e-06j -1.03746940e-07-1.41434809e-06j\n",
       "    2.49307922e-09+0.00000000e+00j  2.98244540e-12+1.32013015e-08j]\n",
       "  [-3.85488580e-05+2.61445271e-04j -7.48944993e-06+5.47653955e-07j\n",
       "    2.98244540e-12-1.32013015e-08j  6.99032368e-08+0.00000000e+00j]],\n",
       " Quantum object: dims = [[4], [4]], shape = (4, 4), type = oper, isherm = True\n",
       " Qobj data =\n",
       " [[ 9.99156973e-01+0.00000000e+00j  6.45641584e-03+2.82939782e-02j\n",
       "   -5.15985057e-05+7.77052799e-06j -4.12059199e-05-2.73178839e-04j]\n",
       "  [ 6.45641584e-03-2.82939782e-02j  8.42948327e-04+0.00000000e+00j\n",
       "   -1.13387541e-07+1.51132793e-06j -8.00186832e-06-5.98418116e-07j]\n",
       "  [-5.15985057e-05-7.77052799e-06j -1.13387541e-07-1.51132793e-06j\n",
       "    2.72541389e-09+0.00000000e+00j  3.41187252e-12+1.44295214e-08j]\n",
       "  [-4.12059199e-05+2.73178839e-04j -8.00186832e-06+5.98418116e-07j\n",
       "    3.41187252e-12-1.44295214e-08j  7.63961125e-08+0.00000000e+00j]],\n",
       " Quantum object: dims = [[4], [4]], shape = (4, 4), type = oper, isherm = True\n",
       " Qobj data =\n",
       " [[ 9.99120133e-01+0.00000000e+00j  6.73947536e-03+2.88718288e-02j\n",
       "   -5.38678213e-05+8.29463438e-06j -4.39804699e-05-2.85152258e-04j]\n",
       "  [ 6.73947536e-03-2.88718288e-02j  8.79780865e-04+0.00000000e+00j\n",
       "   -1.23678017e-07+1.61253938e-06j -8.53654448e-06-6.52589977e-07j]\n",
       "  [-5.38678213e-05-8.29463438e-06j -1.23678017e-07-1.61253938e-06j\n",
       "    2.97349283e-09+0.00000000e+00j  3.89093612e-12+1.57407405e-08j]\n",
       "  [-4.39804699e-05+2.85152258e-04j -8.53654448e-06+6.52589977e-07j\n",
       "    3.89093612e-12-1.57407405e-08j  8.33265317e-08+0.00000000e+00j]],\n",
       " Quantum object: dims = [[4], [4]], shape = (4, 4), type = oper, isherm = True\n",
       " Qobj data =\n",
       " [[ 9.99082567e-01+0.00000000e+00j  7.02817773e-03+2.94465324e-02j\n",
       "   -5.61828411e-05+8.84145788e-06j -4.68748625e-05-2.97364086e-04j]\n",
       "  [ 7.02817773e-03-2.94465324e-02j  9.17339503e-04+0.00000000e+00j\n",
       "   -1.34646203e-07+1.71806242e-06j -9.09389230e-06-7.10314295e-07j]\n",
       "  [-5.61828411e-05-8.84145788e-06j -1.34646203e-07-1.71806242e-06j\n",
       "    3.23799795e-09+0.00000000e+00j  4.42383908e-12+1.71385345e-08j]\n",
       "  [-4.68748625e-05+2.97364086e-04j -9.09389230e-06+7.10314295e-07j\n",
       "    4.42383908e-12-1.71385345e-08j  9.07132415e-08+0.00000000e+00j]],\n",
       " Quantum object: dims = [[4], [4]], shape = (4, 4), type = oper, isherm = True\n",
       " Qobj data =\n",
       " [[ 9.99044278e-01+0.00000000e+00j  7.32248902e-03+3.00180334e-02j\n",
       "   -5.85433112e-05+9.41144407e-06j -4.98914209e-05-3.09812871e-04j]\n",
       "  [ 7.32248902e-03-3.00180334e-02j  9.55619497e-04+0.00000000e+00j\n",
       "   -1.46319967e-07+1.82797522e-06j -9.67431617e-06-7.71735683e-07j]\n",
       "  [-5.85433112e-05-9.41144407e-06j -1.46319967e-07-1.82797522e-06j\n",
       "    3.51961504e-09+0.00000000e+00j  5.01582685e-12+1.86264937e-08j]\n",
       "  [-4.98914209e-05+3.09812871e-04j -9.67431617e-06+7.71735683e-07j\n",
       "    5.01582685e-12-1.86264937e-08j  9.85750383e-08+0.00000000e+00j]],\n",
       " Quantum object: dims = [[4], [4]], shape = (4, 4), type = oper, isherm = True\n",
       " Qobj data =\n",
       " [[ 9.99005273e-01+0.00000000e+00j  7.62237469e-03+3.05862766e-02j\n",
       "   -6.09489728e-05+1.00050368e-05j -5.30324577e-05-3.22497134e-04j]\n",
       "  [ 7.62237469e-03-3.05862766e-02j  9.94616024e-04+0.00000000e+00j\n",
       "   -1.58727792e-07+1.94235540e-06j -1.02782172e-05-8.37001947e-07j]\n",
       "  [-6.09489728e-05-1.00050368e-05j -1.58727792e-07-1.94235540e-06j\n",
       "    3.81904500e-09+0.00000000e+00j  5.67221712e-12+2.02082877e-08j]\n",
       "  [-5.30324577e-05+3.22497134e-04j -1.02782172e-05+8.37001947e-07j\n",
       "    5.67221712e-12-2.02082877e-08j  1.06931132e-07+0.00000000e+00j]],\n",
       " Quantum object: dims = [[4], [4]], shape = (4, 4), type = oper, isherm = True\n",
       " Qobj data =\n",
       " [[ 9.98965556e-01+0.00000000e+00j  7.92779959e-03+3.11512068e-02j\n",
       "   -6.33995619e-05+1.06226779e-05j -5.63002742e-05-3.35415370e-04j]\n",
       "  [ 7.92779959e-03-3.11512068e-02j  1.03432418e-03+0.00000000e+00j\n",
       "   -1.71898755e-07+2.06127994e-06j -1.09059927e-05-9.06263933e-07j]\n",
       "  [-6.33995619e-05-1.06226779e-05j -1.71898755e-07-2.06127994e-06j\n",
       "    4.13700335e-09+0.00000000e+00j  6.39844447e-12+2.18876621e-08j]\n",
       "  [-5.63002742e-05+3.35415370e-04j -1.09059927e-05+9.06263933e-07j\n",
       "    6.39844447e-12-2.18876621e-08j  1.15801130e-07+0.00000000e+00j]],\n",
       " Quantum object: dims = [[4], [4]], shape = (4, 4), type = oper, isherm = True\n",
       " Qobj data =\n",
       " [[ 9.98925131e-01+0.00000000e+00j  8.23872805e-03+3.17127695e-02j\n",
       "   -6.58948103e-05+1.12648065e-05j -5.96971561e-05-3.48566051e-04j]\n",
       "  [ 8.23872805e-03-3.17127695e-02j  1.07473901e-03+0.00000000e+00j\n",
       "   -1.85862398e-07+2.18482493e-06j -1.15580354e-05-9.79674814e-07j]\n",
       "  [-6.58948103e-05-1.12648065e-05j -1.85862398e-07-2.18482493e-06j\n",
       "    4.47421781e-09+0.00000000e+00j  7.20026843e-12+2.36684249e-08j]\n",
       "  [-5.96971561e-05+3.48566051e-04j -1.15580354e-05+9.79674814e-07j\n",
       "    7.20026843e-12-2.36684249e-08j  1.25204956e-07+0.00000000e+00j]],\n",
       " Quantum object: dims = [[4], [4]], shape = (4, 4), type = oper, isherm = True\n",
       " Qobj data =\n",
